1.212873e+02 2.578800e-01
1.214673e+02 2.536500e-01
1.216573e+02 2.566400e-01
1.220273e+02 2.331700e-01
1.223973e+02 2.504600e-01
1.227673e+02 2.578800e-01
1.231373e+02 2.520400e-01
1.235073e+02 2.434000e-01
1.238773e+02 2.436700e-01
1.242573e+02 2.520400e-01
1.246273e+02 2.351100e-01
1.249973e+02 2.609600e-01
1.253873e+02 2.570800e-01
1.257573e+02 2.608600e-01
1.261273e+02 2.628200e-01
1.265073e+02 2.526600e-01
1.268773e+02 2.459700e-01
1.272473e+02 2.470300e-01
1.276173e+02 2.470300e-01
1.279873e+02 2.781600e-01
1.281773e+02 2.853200e-01
1.283573e+02 2.731400e-01
1.287273e+02 2.648400e-01
1.290973e+02 2.641500e-01
1.294973e+02 2.674900e-01
1.298673e+02 2.782600e-01
1.302373e+02 2.821400e-01
1.306073e+02 2.583200e-01
1.309773e+02 2.668700e-01
1.313473e+02 2.533800e-01
1.317173e+02 2.460400e-01
1.320873e+02 2.452500e-01
1.324573e+02 2.542700e-01
1.328273e+02 2.480900e-01
1.331973e+02 2.505600e-01
1.335773e+02 2.393500e-01
1.339673e+02 2.594600e-01
1.343373e+02 2.594600e-01
1.347073e+02 2.412900e-01
1.348973e+02 2.489600e-01
1.350773e+02 2.374000e-01
1.354473e+02 2.344900e-01
1.358173e+02 2.314900e-01
1.361873e+02 2.359000e-01
1.365573e+02 2.463100e-01
1.369273e+02 2.303500e-01
1.372973e+02 2.292000e-01
1.376773e+02 2.396100e-01
1.380473e+02 2.266400e-01
1.384373e+02 2.341400e-01
1.388073e+02 2.239000e-01
1.391773e+02 2.313200e-01
1.395473e+02 2.292900e-01
1.399173e+02 2.286700e-01
1.402873e+02 2.229300e-01
1.406573e+02 2.187900e-01
1.410273e+02 2.187900e-01
1.413973e+02 2.062600e-01
1.415873e+02 1.883500e-01
1.417673e+02 2.079300e-01
1.421373e+02 2.123400e-01
1.425073e+02 2.002600e-01
1.428773e+02 1.996400e-01
1.432473e+02 2.001700e-01
1.436473e+02 2.085500e-01
1.440173e+02 2.044900e-01
1.443873e+02 2.222300e-01
1.447573e+02 2.237300e-01
1.451273e+02 2.071400e-01
1.454973e+02 2.157000e-01
1.458673e+02 2.099600e-01
1.462373e+02 2.221400e-01
1.466073e+02 2.022900e-01
1.469773e+02 2.113700e-01
1.473473e+02 2.157900e-01
1.477173e+02 2.157900e-01
1.480873e+02 2.069600e-01
1.484773e+02 2.203800e-01
1.486673e+02 2.092600e-01
1.488473e+02 2.202000e-01
1.492173e+02 1.936400e-01
1.495873e+02 2.116400e-01
1.499573e+02 2.120800e-01
1.503273e+02 2.355500e-01
1.506973e+02 2.223200e-01
1.510673e+02 2.200200e-01
1.514373e+02 2.445600e-01
1.518073e+02 2.529300e-01
1.521773e+02 2.497500e-01
1.525473e+02 2.365200e-01
1.529173e+02 2.344900e-01
1.532873e+02 2.249600e-01
1.536773e+02 2.384600e-01
1.540473e+02 2.375800e-01
1.544173e+02 2.375800e-01
1.547873e+02 2.251400e-01
1.551573e+02 2.329000e-01
1.553473e+02 2.487800e-01
1.555273e+02 2.317600e-01
1.558973e+02 2.498500e-01
1.562673e+02 2.318500e-01
1.566373e+02 2.330800e-01
1.570073e+02 2.127900e-01
1.573773e+02 2.235500e-01
1.577473e+02 2.224900e-01
1.581173e+02 2.192300e-01
1.584873e+02 2.082900e-01
1.588573e+02 2.137600e-01
1.592273e+02 2.515300e-01
1.596173e+02 2.475500e-01
1.599873e+02 2.651100e-01
1.603573e+02 2.485100e-01
1.607273e+02 2.369600e-01
1.610973e+02 2.369600e-01
1.614673e+02 2.343200e-01
1.618373e+02 2.430500e-01
1.620173e+02 2.293700e-01
1.622073e+02 2.305200e-01
1.625773e+02 2.374000e-01
1.629373e+02 2.476500e-01
1.633073e+02 2.610600e-01
1.636773e+02 2.636100e-01
1.640473e+02 2.635300e-01
1.644173e+02 2.690900e-01
1.647873e+02 2.648400e-01
1.651573e+02 2.561200e-01
1.655273e+02 2.468600e-01
1.659173e+02 2.416400e-01
1.662873e+02 2.440200e-01
1.666573e+02 2.534500e-01
1.670273e+02 2.772000e-01
1.673973e+02 2.793900e-01
1.677673e+02 2.793900e-01
1.681373e+02 2.821400e-01
1.684973e+02 2.765800e-01
1.688673e+02 2.748200e-01
1.690573e+02 2.740300e-01
1.692373e+02 2.675800e-01
1.696073e+02 2.773700e-01
1.699773e+02 2.711200e-01
1.703473e+02 2.782600e-01
1.707173e+02 2.868100e-01
1.710873e+02 3.038500e-01
1.714573e+02 3.195400e-01
1.718273e+02 3.611200e-01
1.721873e+02 3.471600e-01
1.725573e+02 3.512400e-01
1.729473e+02 3.795500e-01
1.733173e+02 3.881000e-01
1.736873e+02 4.215500e-01
1.740573e+02 4.086800e-01
1.744273e+02 4.086800e-01
1.747973e+02 3.944700e-01
1.751673e+02 4.380600e-01
1.755373e+02 4.583400e-01
1.757173e+02 4.487300e-01
1.758973e+02 4.448500e-01
1.762673e+02 4.341800e-01
1.766373e+02 4.347000e-01
1.770073e+02 4.103400e-01
1.773773e+02 4.011700e-01
1.777473e+02 3.920800e-01
1.781173e+02 3.714200e-01
1.784773e+02 3.395000e-01
1.788473e+02 3.318900e-01
1.792173e+02 3.453100e-01
1.795873e+02 3.129400e-01
1.799573e+02 3.087900e-01
1.803273e+02 2.890300e-01
1.807173e+02 3.498100e-01
1.810873e+02 3.498100e-01
1.814573e+02 3.843200e-01
1.818173e+02 3.862500e-01
1.821873e+02 4.069000e-01
1.823773e+02 4.012700e-01
1.825573e+02 4.334600e-01
1.829273e+02 4.304700e-01
1.832973e+02 4.353100e-01
1.836673e+02 4.478400e-01
1.840273e+02 4.415900e-01
1.843973e+02 4.394600e-01
1.847673e+02 4.466000e-01
1.851373e+02 4.364700e-01
1.855073e+02 4.293100e-01
1.858673e+02 4.226100e-01
1.862373e+02 4.220700e-01
1.866073e+02 4.085800e-01
1.869773e+02 4.206600e-01
1.873473e+02 4.429000e-01
1.877173e+02 4.429000e-01
1.880773e+02 4.682200e-01
1.884473e+02 4.642700e-01
1.888173e+02 4.629300e-01
1.891873e+02 4.685900e-01
1.893673e+02 4.799600e-01
1.895573e+02 4.822500e-01
1.899473e+02 4.839300e-01
1.903073e+02 4.890500e-01
1.906773e+02 4.961900e-01
1.910473e+02 5.001700e-01
1.914173e+02 5.062700e-01
1.917873e+02 5.144700e-01
1.921473e+02 5.511600e-01
1.925173e+02 5.714700e-01
1.928873e+02 5.910600e-01
1.932573e+02 6.338500e-01
1.936273e+02 6.573900e-01
1.939873e+02 6.779700e-01
1.943573e+02 6.779700e-01
1.947273e+02 7.082400e-01
1.950973e+02 7.601200e-01
1.954573e+02 7.793400e-01
1.958273e+02 8.152600e-01
1.960173e+02 8.314000e-01
1.961973e+02 8.524000e-01
1.965673e+02 8.388100e-01
1.969373e+02 8.327300e-01
1.972973e+02 8.168500e-01
1.976673e+02 8.173600e-01
1.980373e+02 7.576500e-01
1.984073e+02 7.168900e-01
1.987673e+02 6.793800e-01
1.991373e+02 6.292500e-01
1.995073e+02 6.079800e-01
1.998773e+02 5.690700e-01
2.002373e+02 5.422600e-01
2.006073e+02 5.214400e-01
2.009773e+02 5.214400e-01
2.013673e+02 4.987600e-01
2.017373e+02 4.622200e-01
2.020973e+02 4.353100e-01
2.024673e+02 4.390200e-01
2.026473e+02 3.908400e-01
2.028373e+02 3.648300e-01
2.032073e+02 3.479500e-01
2.035673e+02 3.121300e-01
2.039373e+02 2.941400e-01
2.043073e+02 2.633400e-01
2.046673e+02 2.484400e-01
2.050373e+02 2.338800e-01
2.054073e+02 2.039600e-01
2.057773e+02 1.782900e-01
2.061373e+02 1.654000e-01
2.065073e+02 1.771400e-01
2.068773e+02 1.588800e-01
2.072473e+02 1.431700e-01
2.076073e+02 1.431700e-01
2.079773e+02 1.399000e-01
2.083473e+02 1.258700e-01
2.087073e+02 1.121100e-01
2.090773e+02 1.089300e-01
2.092573e+02 1.205800e-01
2.094473e+02 1.296700e-01
2.098073e+02 1.135200e-01
2.101773e+02 1.136100e-01
2.105473e+02 9.349000e-02
2.109173e+02 8.696000e-02
2.112773e+02 9.499000e-02
2.116473e+02 9.993000e-02
2.120173e+02 7.232000e-02
2.123773e+02 7.673000e-02
2.127473e+02 7.496000e-02
2.131173e+02 7.788000e-02
2.134773e+02 7.964000e-02
2.138473e+02 8.679000e-02
2.142173e+02 8.679000e-02
2.145773e+02 6.341000e-02
2.149473e+02 6.111000e-02
2.153173e+02 4.576000e-02
2.156773e+02 3.173000e-02
2.160473e+02 2.096000e-02
2.162273e+02 2.105000e-02
2.164173e+02 4.390000e-02
2.167773e+02 4.735000e-02
2.171473e+02 5.299000e-02
2.175173e+02 4.267000e-02
2.178773e+02 1.823000e-02
2.182473e+02 2.688000e-02
2.186173e+02 2.087000e-02
2.189773e+02 -2.590000e-03
2.193473e+02 8.260000e-03
2.197173e+02 2.635000e-02
2.200773e+02 9.670000e-03
2.204473e+02 1.196000e-02
2.208173e+02 1.196000e-02
2.211773e+02 2.070000e-02
2.215673e+02 1.655000e-02
2.219173e+02 3.217000e-02
2.222773e+02 4.338000e-02
2.226673e+02 4.099000e-02
2.228573e+02 4.249000e-02
2.230373e+02 2.529000e-02
2.234073e+02 9.930000e-03
2.237673e+02 1.673000e-02
2.241373e+02 3.032000e-02
2.244973e+02 9.670000e-03
2.248673e+02 -1.010000e-03
2.252373e+02 2.158000e-02
2.255973e+02 2.317000e-02
2.259673e+02 1.408000e-02
2.263373e+02 2.670000e-02
2.266973e+02 3.482000e-02
2.270673e+02 1.885000e-02
2.274273e+02 1.885000e-02
2.277973e+02 3.384000e-02
2.281673e+02 3.191000e-02
2.285273e+02 4.408000e-02
2.288973e+02 4.805000e-02
2.292573e+02 5.776000e-02
2.294473e+02 4.726000e-02
2.296273e+02 1.240000e-02
2.299973e+02 1.496000e-02
2.303573e+02 -1.089000e-02
2.307273e+02 -1.230000e-02
2.310873e+02 -1.548000e-02
2.314573e+02 -1.618000e-02
2.318273e+02 -1.715000e-02
2.321873e+02 -3.057000e-02
2.325573e+02 -1.557000e-02
2.329173e+02 -4.045000e-02
2.332873e+02 -3.736000e-02
2.336573e+02 -9.480000e-03
2.340173e+02 -9.480000e-03
2.343873e+02 -8.330000e-03
2.347473e+02 5.080000e-03
2.351173e+02 -3.762000e-02
2.354873e+02 -4.565000e-02
2.358473e+02 -5.183000e-02
2.362173e+02 -6.613000e-02
2.363973e+02 -5.871000e-02
2.365773e+02 -6.507000e-02
2.369473e+02 -5.421000e-02
2.373073e+02 -5.739000e-02
2.376773e+02 -6.392000e-02
2.380473e+02 -4.548000e-02
2.384073e+02 -5.395000e-02
2.387773e+02 -5.033000e-02
2.391373e+02 -5.395000e-02
2.395073e+02 -5.563000e-02
2.398673e+02 -5.827000e-02
2.402373e+02 -7.062000e-02
2.405973e+02 -7.062000e-02
2.409673e+02 -9.409000e-02
2.413373e+02 -1.052100e-01
2.416973e+02 -6.895000e-02
2.420373e+02 -4.159000e-02
2.424073e+02 -4.927000e-02
2.427673e+02 -5.095000e-02
2.429573e+02 -5.342000e-02
2.431373e+02 -4.415000e-02
2.435073e+02 -6.066000e-02
2.438673e+02 -5.165000e-02
2.442373e+02 -3.771000e-02
2.445973e+02 -3.824000e-02
2.449673e+02 -1.257000e-02
2.453273e+02 -3.321000e-02
2.456973e+02 -4.556000e-02
2.460573e+02 -3.330000e-02
2.464273e+02 -2.651000e-02
2.467873e+02 -1.936000e-02
2.471573e+02 -1.936000e-02
2.475173e+02 -2.333000e-02
2.478873e+02 -2.492000e-02
2.482473e+02 -1.998000e-02
2.486173e+02 -4.336000e-02
2.489773e+02 -2.448000e-02
2.493473e+02 -6.740000e-03
2.495273e+02 2.880000e-03
2.497073e+02 8.080000e-03
2.500773e+02 1.399000e-02
2.504373e+02 3.676000e-02
2.508073e+02 4.629000e-02
2.511673e+02 6.226000e-02
2.515373e+02 6.711000e-02
2.518973e+02 1.135200e-01
2.522673e+02 1.222600e-01
2.526273e+02 1.152900e-01
2.529973e+02 9.561000e-02
2.533573e+02 1.285200e-01
2.537273e+02 1.285200e-01
2.540873e+02 1.039900e-01
2.544573e+02 9.896000e-02
2.548173e+02 9.588000e-02
2.551873e+02 8.370000e-02
2.555473e+02 8.493000e-02
2.559173e+02 7.532000e-02
2.562773e+02 5.246000e-02
2.564673e+02 4.902000e-02
2.566473e+02 3.940000e-02
2.570073e+02 3.032000e-02
2.573773e+02 4.126000e-02
2.577373e+02 3.773000e-02
2.581073e+02 1.302000e-02
2.584673e+02 2.899000e-02
2.588373e+02 -2.770000e-03
2.591973e+02 1.055000e-02
2.595673e+02 4.673000e-02
2.599273e+02 6.782000e-02
2.602973e+02 6.782000e-02
2.606573e+02 6.940000e-02
2.610173e+02 1.067300e-01
2.613873e+02 1.329400e-01
2.617473e+02 1.681400e-01
2.621173e+02 1.938200e-01
2.624773e+02 2.657300e-01
2.628473e+02 3.067700e-01
2.630273e+02 3.642100e-01
2.631873e+02 4.013400e-01
2.635473e+02 4.112200e-01
2.639173e+02 4.350400e-01
2.642773e+02 4.575500e-01
2.646473e+02 4.361000e-01
2.650073e+02 4.207600e-01
2.653673e+02 3.702900e-01
2.657373e+02 3.305800e-01
2.660973e+02 3.139800e-01
2.664673e+02 3.038500e-01
2.668273e+02 3.038500e-01
2.671973e+02 2.672400e-01
2.675573e+02 2.104100e-01
2.679173e+02 1.744000e-01
2.682873e+02 1.583500e-01
2.686473e+02 1.489900e-01
2.690173e+02 1.150200e-01
2.693773e+02 1.122900e-01
2.695573e+02 1.044300e-01
2.697473e+02 9.367000e-02
2.701073e+02 7.452000e-02
2.704673e+02 9.129000e-02
2.708373e+02 9.005000e-02
2.711973e+02 7.602000e-02
2.715673e+02 7.849000e-02
2.719273e+02 5.440000e-02
2.722873e+02 7.355000e-02
2.726573e+02 7.593000e-02
2.730173e+02 5.908000e-02
2.733873e+02 5.908000e-02
2.737473e+02 8.044000e-02
2.741073e+02 1.006400e-01
2.744473e+02 9.129000e-02
2.748173e+02 1.043500e-01
2.751773e+02 1.395500e-01
2.755473e+02 1.512000e-01
2.759073e+02 1.584300e-01
2.760873e+02 1.744000e-01
2.762673e+02 2.096100e-01
2.766373e+02 2.292000e-01
2.769973e+02 2.661800e-01
2.773673e+02 3.325100e-01
2.777273e+02 3.402900e-01
2.780873e+02 4.263200e-01
2.784573e+02 4.946100e-01
2.788173e+02 5.796700e-01
2.791773e+02 6.630500e-01
2.795473e+02 7.895000e-01
2.799073e+02 7.895000e-01
2.802773e+02 9.419600e-01
2.806373e+02 1.133530e+00
2.809973e+02 1.342640e+00
2.813673e+02 1.523430e+00
2.817273e+02 1.741560e+00
2.820873e+02 1.979970e+00
2.824573e+02 2.148670e+00
2.828173e+02 2.317460e+00
2.829973e+02 2.458820e+00
2.831773e+02 2.459440e+00
2.835173e+02 2.419120e+00
2.838873e+02 2.308020e+00
2.842473e+02 2.152300e+00
2.846073e+02 1.930980e+00
2.849773e+02 1.719940e+00
2.853373e+02 1.524320e+00
2.856973e+02 1.332680e+00
2.860673e+02 1.141730e+00
2.864273e+02 1.141730e+00
2.867873e+02 9.837100e-01
2.871573e+02 8.424400e-01
2.875173e+02 7.641700e-01
2.878773e+02 6.609300e-01
2.882473e+02 5.734900e-01
2.886073e+02 5.132400e-01
2.889673e+02 4.673600e-01
2.893373e+02 4.347000e-01
2.895173e+02 4.017900e-01
2.896973e+02 3.833600e-01
2.900573e+02 3.658600e-01
2.904273e+02 3.619900e-01
2.907873e+02 3.758500e-01
2.911473e+02 3.701100e-01
2.914873e+02 3.749600e-01
2.918573e+02 3.982500e-01
2.922173e+02 4.191800e-01
2.925773e+02 4.986600e-01
2.929473e+02 4.986600e-01
2.933073e+02 5.603500e-01
2.936673e+02 6.552900e-01
2.940273e+02 7.767000e-01
2.943973e+02 9.974700e-01
2.947573e+02 1.289790e+00
2.951173e+02 1.645210e+00
2.954873e+02 2.094760e+00
2.958473e+02 2.513620e+00
2.960273e+02 2.871490e+00
2.962073e+02 3.112910e+00
2.965673e+02 3.301740e+00
2.969373e+02 3.365970e+00
2.972973e+02 3.359180e+00
2.976373e+02 3.255760e+00
2.979973e+02 2.996620e+00
2.983673e+02 2.625490e+00
2.987273e+02 2.202940e+00
2.990873e+02 2.202940e+00
2.994473e+02 1.818050e+00
2.998173e+02 1.457000e+00
3.001773e+02 1.186720e+00
3.005373e+02 9.823800e-01
3.009073e+02 8.142000e-01
3.012673e+02 7.002800e-01
3.016273e+02 5.681100e-01
3.019873e+02 4.681500e-01
3.023573e+02 3.867900e-01
3.027173e+02 3.137400e-01
3.028973e+02 3.049900e-01
3.030773e+02 3.157600e-01
3.034373e+02 2.855000e-01
3.037773e+02 2.418200e-01
3.041473e+02 2.121700e-01
3.045073e+02 1.997300e-01
3.048673e+02 2.120800e-01
3.052273e+02 1.656700e-01
3.055973e+02 1.656700e-01
3.059573e+02 1.820800e-01
3.063173e+02 1.413200e-01
3.066773e+02 1.175800e-01
3.070373e+02 9.499000e-02
3.074073e+02 8.132000e-02
3.077673e+02 4.452000e-02
3.081273e+02 6.561000e-02
3.084873e+02 5.361000e-02
3.088573e+02 4.549000e-02
3.091973e+02 1.426000e-02
3.093773e+02 3.746000e-02
3.095573e+02 1.840000e-02
3.099173e+02 2.061000e-02
3.102773e+02 2.193000e-02
3.106373e+02 5.350000e-03
3.110073e+02 4.900000e-04
3.113673e+02 6.700000e-04
3.117273e+02 -3.083000e-02
3.120873e+02 -3.083000e-02
3.124473e+02 -3.595000e-02
3.128173e+02 -9.740000e-03
3.131773e+02 -1.151000e-02
3.135373e+02 -2.810000e-02
3.138973e+02 -3.560000e-02
3.142673e+02 -4.751000e-02
3.145973e+02 -5.880000e-02
3.149673e+02 -5.289000e-02
3.153273e+02 -2.624000e-02
3.156873e+02 -4.363000e-02
3.158673e+02 -4.115000e-02
3.160473e+02 -3.886000e-02
3.164073e+02 -5.209000e-02
3.167773e+02 -4.918000e-02
3.171373e+02 -6.198000e-02
3.174973e+02 -6.551000e-02
3.178573e+02 -6.515000e-02
3.182173e+02 -6.463000e-02
3.185873e+02 -6.463000e-02
3.189473e+02 -7.151000e-02
3.192873e+02 -9.921000e-02
3.196473e+02 -1.016800e-01
3.200073e+02 -1.160700e-01
3.203673e+02 -9.110000e-02
3.207273e+02 -8.810000e-02
3.210873e+02 -9.983000e-02
3.214573e+02 -9.957000e-02
3.218173e+02 -9.665000e-02
3.221773e+02 -1.179200e-01
3.225373e+02 -1.413000e-01
3.227173e+02 -1.120100e-01
3.228973e+02 -1.038000e-01
3.232573e+02 -1.194200e-01
3.236273e+02 -1.241800e-01
3.239573e+02 -1.453600e-01
3.243273e+02 -1.179200e-01
3.246873e+02 -1.191500e-01
3.250473e+02 -1.191500e-01
3.254073e+02 -1.264800e-01
3.257673e+02 -1.132400e-01
3.261273e+02 -1.329200e-01
3.264873e+02 -1.416500e-01
3.268573e+02 -1.243600e-01
3.272173e+02 -1.391800e-01
3.275773e+02 -1.218900e-01
3.279373e+02 -1.450100e-01
3.282773e+02 -1.466800e-01
3.286373e+02 -1.552400e-01
3.289973e+02 -1.601800e-01
3.291773e+02 -1.694500e-01
3.293573e+02 -1.631000e-01
3.297173e+02 -1.594800e-01
3.300873e+02 -1.612400e-01
3.304473e+02 -1.615100e-01
3.308073e+02 -1.479200e-01
3.311673e+02 -1.601000e-01
3.315273e+02 -1.601000e-01
3.318873e+02 -1.691800e-01
3.322273e+02 -1.437700e-01
3.325873e+02 -1.457100e-01
3.329473e+02 -1.484500e-01
3.333073e+02 -1.518000e-01
3.336673e+02 -1.576300e-01
3.340373e+02 -1.505600e-01
3.343973e+02 -1.510100e-01
3.347573e+02 -1.556800e-01
3.351173e+02 -1.348600e-01
3.354773e+02 -1.439500e-01
3.356573e+02 -1.608900e-01
3.358373e+02 -1.527700e-01
3.361973e+02 -1.724500e-01
3.365373e+02 -1.511000e-01
3.368973e+02 -1.643300e-01
3.372573e+02 -1.744800e-01
3.376173e+02 -1.552400e-01
3.379773e+02 -1.552400e-01
3.383373e+02 -1.711300e-01
3.386973e+02 -1.897400e-01
3.390673e+02 -1.834800e-01
3.394273e+02 -1.789800e-01
3.397873e+02 -1.923900e-01
3.401273e+02 -1.794200e-01
3.404873e+02 -1.946000e-01
3.408473e+02 -2.170100e-01
3.412073e+02 -2.251200e-01
3.415673e+02 -2.204500e-01
3.419273e+02 -2.063300e-01
3.421073e+02 -2.161200e-01
3.422873e+02 -2.388900e-01
3.426473e+02 -2.575100e-01
3.430073e+02 -2.541500e-01
3.433673e+02 -2.474500e-01
3.437273e+02 -2.320100e-01
3.440673e+02 -2.465700e-01
3.444273e+02 -2.465700e-01
3.447873e+02 -2.309500e-01
3.451473e+02 -2.124200e-01
3.455073e+02 -2.500100e-01
3.458673e+02 -2.456000e-01
3.462273e+02 -2.387100e-01
3.465873e+02 -2.276800e-01
3.469473e+02 -2.777100e-01
3.472873e+02 -2.725100e-01
3.476473e+02 -2.715400e-01
3.480073e+02 -2.735700e-01
3.483673e+02 -2.967700e-01
3.487273e+02 -2.822100e-01
3.489073e+02 -2.694200e-01
3.490873e+02 -2.594500e-01
3.494473e+02 -2.665100e-01
3.498073e+02 -2.555600e-01
3.501673e+02 -2.576800e-01
3.505273e+02 -2.603300e-01
3.508673e+02 -2.603300e-01
3.512273e+02 -2.523000e-01
3.515873e+02 -2.800100e-01
3.519473e+02 -2.541500e-01
3.523073e+02 -2.300700e-01
3.526673e+02 -2.458600e-01
3.530273e+02 -2.603300e-01
3.533873e+02 -2.506200e-01
3.537473e+02 -2.643900e-01
3.540873e+02 -2.682700e-01
3.544473e+02 -2.591000e-01
3.548073e+02 -2.484200e-01
3.551673e+02 -2.654500e-01
3.553473e+02 -2.486800e-01
3.555273e+02 -2.515100e-01
3.558873e+02 -2.676500e-01
3.562473e+02 -2.725900e-01
3.566073e+02 -2.748900e-01
3.569673e+02 -2.633300e-01
3.573073e+02 -2.633300e-01
3.576673e+02 -2.671200e-01
3.580273e+02 -2.648300e-01
3.583873e+02 -2.736500e-01
3.587473e+02 -2.600700e-01
3.591073e+02 -2.530900e-01
3.594673e+02 -2.645700e-01
3.598273e+02 -2.496600e-01
3.601873e+02 -2.620900e-01
3.605173e+02 -2.510700e-01
3.608773e+02 -2.599800e-01
3.612373e+02 -2.598000e-01
3.615973e+02 -2.744500e-01
3.617773e+02 -2.679200e-01
3.619573e+02 -2.431300e-01
3.623173e+02 -2.264500e-01
3.626773e+02 -2.439200e-01
3.630373e+02 -2.448900e-01
3.633973e+02 -2.275100e-01
3.637373e+02 -2.275100e-01
3.640973e+02 -2.557400e-01
3.644573e+02 -2.328000e-01
3.648173e+02 -2.261800e-01
3.651773e+02 -2.418000e-01
3.655373e+02 -2.508900e-01
3.658973e+02 -2.638600e-01
3.662573e+02 -2.504500e-01
3.665873e+02 -2.500100e-01
3.669473e+02 -2.828300e-01
3.673073e+02 -2.614800e-01
3.676673e+02 -2.832700e-01
3.680273e+02 -2.760400e-01
3.683873e+02 -2.815100e-01
3.685673e+02 -3.005700e-01
3.687473e+02 -2.954500e-01
3.691073e+02 -2.628000e-01
3.694473e+02 -2.853000e-01
3.698073e+02 -2.969500e-01
3.701573e+02 -2.969500e-01
3.705173e+02 -2.834500e-01
3.708773e+02 -2.733000e-01
3.712373e+02 -2.837100e-01
3.715973e+02 -2.896200e-01
3.719573e+02 -2.904200e-01
3.722973e+02 -2.893600e-01
3.726573e+02 -2.699500e-01
3.730173e+02 -2.719800e-01
3.733773e+02 -2.533600e-01
3.737273e+02 -2.614800e-01
3.740873e+02 -2.480700e-01
3.744473e+02 -1.982100e-01
3.748073e+02 -2.416300e-01
3.749873e+02 -2.298000e-01
3.751473e+02 -2.356200e-01
3.755073e+02 -2.353600e-01
3.758673e+02 -2.382700e-01
3.762273e+02 -2.176200e-01
3.765773e+02 -2.176200e-01
3.769373e+02 -2.540700e-01
3.772973e+02 -2.628900e-01
3.776573e+02 -2.338600e-01
3.779973e+02 -2.354500e-01
3.783573e+02 -2.382700e-01
3.787173e+02 -2.423300e-01
3.790773e+02 -2.337700e-01
3.794273e+02 -2.530100e-01
3.797873e+02 -2.576000e-01
3.801473e+02 -2.666000e-01
3.805073e+02 -2.963300e-01
3.808473e+02 -2.994200e-01
3.812073e+02 -2.726800e-01
3.813773e+02 -2.734800e-01
3.815573e+02 -2.740100e-01
3.819173e+02 -2.880400e-01
3.822773e+02 -2.796500e-01
3.826373e+02 -2.705700e-01
3.829973e+02 -2.705700e-01
3.833373e+02 -2.749800e-01
3.836873e+02 -2.771800e-01
3.840473e+02 -2.891000e-01
3.844073e+02 -2.723300e-01
3.847673e+02 -2.710100e-01
3.851273e+02 -2.934200e-01
3.854873e+02 -2.836300e-01
3.858173e+02 -2.577700e-01
3.861773e+02 -2.563600e-01
3.865373e+02 -2.631500e-01
3.868973e+02 -2.666000e-01
3.872573e+02 -2.741800e-01
3.876173e+02 -2.700400e-01
3.879673e+02 -2.571500e-01
3.881473e+02 -2.703900e-01
3.883073e+02 -2.550400e-01
3.886673e+02 -2.611200e-01
3.890273e+02 -2.789500e-01
3.893873e+02 -2.789500e-01
3.897373e+02 -2.678300e-01
3.900973e+02 -2.933300e-01
3.904573e+02 -2.853900e-01
3.907973e+02 -2.793900e-01
3.911573e+02 -2.626300e-01
3.915073e+02 -2.653600e-01
3.918673e+02 -2.723300e-01
3.922273e+02 -2.740900e-01
3.925873e+02 -2.716200e-01
3.929473e+02 -2.849500e-01
3.932773e+02 -2.704800e-01
3.936373e+02 -2.642100e-01
3.939973e+02 -2.761300e-01
3.943573e+02 -2.914800e-01
3.945373e+02 -2.985400e-01
3.947073e+02 -3.041800e-01
3.950673e+02 -2.790400e-01
3.954273e+02 -3.075400e-01
3.957673e+02 -3.075400e-01
3.961173e+02 -2.972100e-01
3.964773e+02 -2.969500e-01
3.968373e+02 -3.099200e-01
3.971973e+02 -3.130100e-01
3.975573e+02 -3.053300e-01
3.979173e+02 -3.064800e-01
3.982473e+02 -3.044500e-01
3.986073e+02 -3.055100e-01
3.989673e+02 -3.144200e-01
3.993173e+02 -2.981000e-01
3.996773e+02 -3.199800e-01
4.000373e+02 -2.994200e-01
4.003773e+02 -3.243000e-01
4.007273e+02 -3.129200e-01
4.009073e+02 -3.032100e-01
4.010873e+02 -2.988900e-01
4.014473e+02 -3.031200e-01
4.018073e+02 -3.064800e-01
4.021573e+02 -3.064800e-01
4.025173e+02 -3.062100e-01
4.028573e+02 -3.053300e-01
4.032173e+02 -3.060400e-01
4.035673e+02 -2.613900e-01
4.039273e+02 -2.920100e-01
4.042873e+02 -3.058600e-01
4.046473e+02 -2.912100e-01
4.049773e+02 -3.099200e-01
4.053373e+02 -3.156500e-01
4.056973e+02 -3.077100e-01
4.060473e+02 -3.258000e-01
4.064073e+02 -3.281800e-01
4.067673e+02 -3.402700e-01
4.071073e+02 -3.243000e-01
4.072773e+02 -3.580100e-01
4.074573e+02 -3.211200e-01
4.078173e+02 -3.334800e-01
4.081773e+02 -3.299500e-01
4.085373e+02 -3.299500e-01
4.088873e+02 -3.514800e-01
4.092273e+02 -3.341000e-01
4.095873e+02 -3.157400e-01
4.099373e+02 -3.493600e-01
4.102973e+02 -3.148600e-01
4.106573e+02 -3.838600e-01
4.110073e+02 -3.769800e-01
4.113673e+02 -3.524500e-01
4.117073e+02 -3.701000e-01
4.120573e+02 -3.588900e-01
4.124173e+02 -3.679800e-01
4.127773e+02 -3.645400e-01
4.131373e+02 -3.592400e-01
4.134873e+02 -3.677100e-01
4.138273e+02 -3.666500e-01
4.140073e+02 -3.586300e-01
4.141873e+02 -3.665700e-01
4.145373e+02 -3.678900e-01
4.148973e+02 -3.678900e-01
4.152573e+02 -3.473300e-01
4.156073e+02 -3.588000e-01
4.159473e+02 -3.623300e-01
4.163073e+02 -3.674500e-01
4.166573e+02 -3.787400e-01
4.170173e+02 -3.666500e-01
4.173773e+02 -3.211200e-01
4.177273e+02 -3.712400e-01
4.180673e+02 -3.705400e-01
4.184273e+02 -3.775100e-01
4.187773e+02 -3.765400e-01
4.191373e+02 -3.726500e-01
4.194973e+02 -3.673600e-01
4.198473e+02 -3.874800e-01
4.201873e+02 -3.778600e-01
4.203673e+02 -3.753900e-01
4.205473e+02 -3.680700e-01
4.208973e+02 -3.655100e-01
4.212573e+02 -3.655100e-01
4.216173e+02 -3.546600e-01
4.219673e+02 -3.700100e-01
4.223073e+02 -3.640100e-01
4.226573e+02 -3.673600e-01
4.230173e+02 -3.644500e-01
4.233773e+02 -3.851000e-01
4.237273e+02 -3.822700e-01
4.240673e+02 -3.777700e-01
4.244273e+02 -3.863300e-01
4.247773e+02 -3.769800e-01
4.251373e+02 -3.629500e-01
4.254973e+02 -3.746800e-01
4.258473e+02 -3.897700e-01
4.261873e+02 -3.755700e-01
4.265373e+02 -3.700100e-01
4.267173e+02 -3.700100e-01
4.268973e+02 -3.659500e-01
4.272573e+02 -3.720400e-01
4.276073e+02 -3.720400e-01
4.279473e+02 -3.806000e-01
4.282973e+02 -3.661200e-01
4.286573e+02 -3.693900e-01
4.290173e+02 -3.851800e-01
4.293673e+02 -3.716800e-01
4.297273e+02 -3.596800e-01
4.300573e+02 -3.760100e-01
4.304173e+02 -3.635700e-01
4.307773e+02 -3.796300e-01
4.311273e+02 -4.011500e-01
4.314873e+02 -3.787400e-01
4.318173e+02 -3.919800e-01
4.321773e+02 -3.887100e-01
4.325373e+02 -3.649800e-01
4.328873e+02 -3.863300e-01
4.332473e+02 -3.498000e-01
4.334273e+02 -3.811300e-01
4.336073e+02 -3.854500e-01
4.339373e+02 -3.854500e-01
4.342973e+02 -3.803300e-01
4.346473e+02 -4.225100e-01
4.350073e+02 -3.758300e-01
4.353573e+02 -3.863300e-01
4.356973e+02 -3.866000e-01
4.360473e+02 -3.656800e-01
4.364073e+02 -3.786500e-01
4.367673e+02 -3.780400e-01
4.371173e+02 -3.731000e-01
4.374573e+02 -3.483900e-01
4.378073e+02 -3.716800e-01
4.381673e+02 -3.481300e-01
4.385273e+02 -3.649800e-01
4.388773e+02 -3.722100e-01
4.392373e+02 -3.657700e-01
4.395673e+02 -4.036200e-01
4.397473e+02 -3.822700e-01
4.399273e+02 -3.453900e-01
4.402773e+02 -3.453900e-01
4.406373e+02 -3.568600e-01
4.409873e+02 -3.790900e-01
4.413273e+02 -3.661200e-01
4.416773e+02 -3.719500e-01
4.420373e+02 -3.712400e-01
4.423973e+02 -3.669200e-01
4.427473e+02 -3.761800e-01
4.430873e+02 -3.607400e-01
4.434373e+02 -3.796300e-01
4.437973e+02 -3.802400e-01
4.441473e+02 -3.870400e-01
4.445073e+02 -3.641000e-01
4.448373e+02 -3.851000e-01
4.451973e+02 -3.719500e-01
4.455473e+02 -4.021300e-01
4.459073e+02 -3.940100e-01
4.460873e+02 -3.880100e-01
4.462573e+02 -3.913600e-01
4.465973e+02 -3.913600e-01
4.469473e+02 -3.963000e-01
4.473073e+02 -3.847400e-01
4.476673e+02 -3.945400e-01
4.480173e+02 -3.896800e-01
4.483473e+02 -3.946200e-01
4.487073e+02 -4.102400e-01
4.490673e+02 -3.792700e-01
4.494173e+02 -3.974500e-01
4.497773e+02 -3.819200e-01
4.501273e+02 -3.887100e-01
4.504673e+02 -3.912700e-01
4.508173e+02 -4.012400e-01
4.511773e+02 -3.829800e-01
4.515273e+02 -4.079500e-01
4.518573e+02 -3.791800e-01
4.522173e+02 -4.183600e-01
4.525773e+02 -3.940100e-01
4.527473e+02 -3.998300e-01
4.529273e+02 -3.998300e-01
4.532873e+02 -3.970100e-01
4.536173e+02 -3.917100e-01
4.539673e+02 -3.985900e-01
4.543273e+02 -3.947100e-01
4.546873e+02 -3.866800e-01
4.550373e+02 -3.969200e-01
4.553673e+02 -3.758300e-01
4.557273e+02 -3.914500e-01
4.560773e+02 -4.185400e-01
4.564373e+02 -3.778600e-01
4.567873e+02 -3.967400e-01
4.571273e+02 -3.942700e-01
4.574773e+02 -3.899500e-01
4.578373e+02 -3.999200e-01
4.581873e+02 -4.047700e-01
4.585473e+02 -4.122700e-01
4.588773e+02 -3.928600e-01
4.590573e+02 -4.066200e-01
4.592373e+02 -4.066200e-01
4.595873e+02 -4.131500e-01
4.599473e+02 -4.300900e-01
4.602973e+02 -4.098900e-01
4.606273e+02 -4.197700e-01
4.609873e+02 -4.128900e-01
4.613373e+02 -4.108600e-01
4.616973e+02 -4.271000e-01
4.620273e+02 -4.187100e-01
4.623873e+02 -4.210900e-01
4.627373e+02 -4.124500e-01
4.630973e+02 -4.185400e-01
4.634473e+02 -4.210900e-01
4.637773e+02 -4.275400e-01
4.641373e+02 -4.249800e-01
4.644873e+02 -4.233000e-01
4.648473e+02 -4.276200e-01
4.651973e+02 -4.131500e-01
4.653573e+02 -4.333600e-01
4.655373e+02 -4.333600e-01
4.658873e+02 -4.091800e-01
4.662473e+02 -4.144800e-01
4.665973e+02 -4.064500e-01
4.669273e+02 -4.147400e-01
4.672873e+02 -3.929500e-01
4.676373e+02 -4.078600e-01
4.679973e+02 -4.045100e-01
4.683473e+02 -4.263900e-01
4.686773e+02 -4.145700e-01
4.690373e+02 -4.245400e-01
4.693873e+02 -4.481000e-01
4.697473e+02 -4.330100e-01
4.700773e+02 -4.090100e-01
4.704273e+02 -4.358300e-01
4.707873e+02 -4.340600e-01
4.711373e+02 -4.136800e-01
4.714973e+02 -4.257700e-01
